42 0.269717 0.731056 0.196997 0.081132
45 0.494554 0.328708 0.038957 0.025963
47 0.415710 0.703294 0.024535 0.027635
46 0.463059 0.624637 0.027249 0.030017
42 0.501834 0.769831 0.192789 0.082095
46 0.783932 0.496292 0.029950 0.036639
42 0.101558 0.545988 0.195603 0.084375
42 0.901784 0.543725 0.197688 0.084003
42 0.734541 0.731959 0.194410 0.083142
42 0.123851 0.349713 0.197676 0.083953
42 0.646759 0.227162 0.196080 0.084324
42 0.357029 0.227221 0.199234 0.085456
42 0.878222 0.348100 0.197726 0.083970
51 0.865685 0.486267 0.022575 0.132669
44 0.913015 0.486267 0.072085 0.132669
0 0.297399 0.743885 0.011382 0.026351
1 0.495226 0.619789 0.016106 0.026639
3 0.522695 0.328176 0.010791 0.021858
2 0.756602 0.495659 0.012776 0.025946
50 0.467079 0.713573 0.027274 0.130355
5 0.465779 0.673682 0.021382 0.045405
40 0.465031 0.711841 0.017827 0.026892
41 0.515528 0.713573 0.069623 0.130355
19 0.493379 0.673395 0.019271 0.043041
37 0.492129 0.711292 0.018379 0.026537
1 0.478254 0.782804 0.010377 0.024899
2 0.488568 0.782804 0.010251 0.024899
4 0.498800 0.782804 0.010214 0.024899
36 0.506489 0.782804 0.005163 0.024899
1 0.513656 0.782804 0.009171 0.024899
0 0.523612 0.782804 0.010741 0.024899
4 0.628128 0.240498 0.009724 0.024071
2 0.638147 0.240498 0.010314 0.024071
36 0.645729 0.240498 0.004849 0.024071
6 0.653153 0.240498 0.010000 0.024071
3 0.663348 0.240498 0.010389 0.024071
2 0.710829 0.743834 0.010905 0.024527
1 0.721018 0.743834 0.009472 0.024527
8 0.731005 0.743834 0.010503 0.024527
36 0.738857 0.743834 0.005201 0.024527
0 0.746325 0.743834 0.009736 0.024527
3 0.756426 0.743834 0.010465 0.024527
2 0.877927 0.556326 0.010653 0.024274
2 0.888254 0.556326 0.010000 0.024274
7 0.898059 0.556326 0.009611 0.024274
36 0.905666 0.556326 0.005603 0.024274
0 0.913354 0.556326 0.009774 0.024274
3 0.923430 0.556326 0.010377 0.024274
