42 0.733386 0.733032 0.195616 0.083733
47 0.815157 0.484130 0.025842 0.030524
46 0.784309 0.496258 0.028668 0.035118
46 0.462808 0.621934 0.029560 0.033530
45 0.494686 0.328725 0.037915 0.026267
42 0.356997 0.227179 0.199271 0.085473
42 0.646721 0.227179 0.196357 0.084459
42 0.123851 0.349713 0.197676 0.083953
42 0.901307 0.543758 0.199146 0.084645
42 0.878210 0.348378 0.198204 0.084223
42 0.101558 0.545980 0.195628 0.084392
42 0.269133 0.731216 0.194899 0.084189
42 0.501068 0.770481 0.198367 0.080760
51 0.864661 0.486520 0.023216 0.134392
44 0.912739 0.486520 0.072940 0.134392
0 0.297399 0.743885 0.011382 0.026351
2 0.495333 0.620389 0.017148 0.026723
4 0.523015 0.328294 0.011432 0.022365
2 0.756652 0.495465 0.012601 0.025828
50 0.467412 0.713818 0.026884 0.127128
5 0.466106 0.674054 0.020628 0.043615
37 0.465364 0.712508 0.017211 0.025625
41 0.515383 0.713818 0.069058 0.127128
2 0.494083 0.674755 0.019397 0.041841
37 0.492387 0.711385 0.018065 0.026453
1 0.478191 0.782720 0.010050 0.025236
2 0.488505 0.782720 0.010578 0.025236
2 0.498769 0.782720 0.009950 0.025236
36 0.506263 0.782720 0.005038 0.025236
1 0.513530 0.782720 0.009497 0.025236
0 0.523555 0.782720 0.010553 0.025236
4 0.628128 0.240498 0.009724 0.024071
2 0.638147 0.240498 0.010314 0.024071
36 0.645722 0.240498 0.004837 0.024071
6 0.653147 0.240498 0.010013 0.024071
3 0.663348 0.240498 0.010389 0.024071
2 0.877852 0.556453 0.010603 0.024088
2 0.888134 0.556453 0.009962 0.024088
8 0.898109 0.556453 0.009987 0.024088
36 0.905766 0.556453 0.005327 0.024088
0 0.913342 0.556453 0.009824 0.024088
3 0.923379 0.556453 0.010251 0.024088
