45 0.494548 0.328708 0.038970 0.025963
47 0.415817 0.703260 0.024950 0.029324
46 0.462940 0.624721 0.028894 0.033902
46 0.783938 0.496284 0.029937 0.036622
42 0.901778 0.543649 0.197425 0.083919
42 0.101520 0.546005 0.195628 0.084409
42 0.878216 0.348083 0.197714 0.083970
42 0.123857 0.349713 0.197688 0.083953
42 0.646765 0.227154 0.196068 0.084307
42 0.357035 0.227238 0.199246 0.085456
42 0.500471 0.769189 0.195917 0.081216
42 0.268995 0.730431 0.195930 0.080017
42 0.733957 0.732044 0.195578 0.082601
51 0.865691 0.486275 0.022588 0.132652
44 0.913028 0.486275 0.072085 0.132652
0 0.297399 0.743885 0.011382 0.026351
1 0.495276 0.620684 0.018593 0.032348
3 0.522695 0.328176 0.010791 0.021858
2 0.756614 0.495642 0.012776 0.025912
4 0.628128 0.240498 0.009724 0.024071
2 0.638147 0.240498 0.010314 0.024071
36 0.645722 0.240498 0.004837 0.024071
6 0.653147 0.240498 0.010013 0.024071
3 0.663348 0.240498 0.010389 0.024071
2 0.710741 0.744046 0.011206 0.024848
1 0.721087 0.744046 0.009485 0.024848
8 0.731024 0.744046 0.010389 0.024848
36 0.738851 0.744046 0.005264 0.024848
0 0.746344 0.744046 0.009724 0.024848
3 0.756401 0.744046 0.010389 0.024848
2 0.877927 0.556326 0.010653 0.024274
2 0.888254 0.556326 0.010000 0.024274
7 0.898059 0.556326 0.009611 0.024274
36 0.905666 0.556326 0.005603 0.024274
0 0.913354 0.556326 0.009774 0.024274
3 0.923430 0.556326 0.010377 0.024274
