47 0.415810 0.703361 0.025163 0.030101
42 0.356809 0.227306 0.199899 0.085895
42 0.646646 0.227069 0.197035 0.084780
42 0.123938 0.349747 0.197575 0.083919
42 0.878298 0.348919 0.199535 0.085270
42 0.101570 0.546014 0.195553 0.084358
42 0.902437 0.542188 0.198342 0.083936
42 0.734447 0.731748 0.195377 0.082517
42 0.269623 0.729662 0.195427 0.082568
42 0.500942 0.771090 0.195352 0.081267
0 0.297425 0.743877 0.011457 0.026368
1 0.478122 0.782618 0.010264 0.024865
2 0.488455 0.782618 0.010402 0.024865
4 0.498750 0.782618 0.010188 0.024865
36 0.506501 0.782618 0.005314 0.024865
1 0.513700 0.782618 0.009083 0.024865
0 0.523656 0.782618 0.010829 0.024865
4 0.628134 0.240498 0.009711 0.024071
2 0.638147 0.240498 0.010314 0.024071
36 0.645722 0.240498 0.004837 0.024071
6 0.653147 0.240498 0.010013 0.024071
3 0.663348 0.240498 0.010389 0.024071
2 0.710747 0.744046 0.011193 0.024882
1 0.721074 0.744046 0.009460 0.024882
8 0.731011 0.744046 0.010415 0.024882
36 0.738857 0.744046 0.005276 0.024882
0 0.746357 0.744046 0.009724 0.024882
3 0.756413 0.744046 0.010389 0.024882
2 0.878160 0.556554 0.010063 0.023851
3 0.887933 0.556554 0.009485 0.023851
0 0.897732 0.556554 0.010113 0.023851
36 0.905622 0.556554 0.005666 0.023851
0 0.913386 0.556554 0.009862 0.023851
3 0.923417 0.556554 0.010201 0.023851
