47 0.815239 0.484231 0.026910 0.030220
45 0.483964 0.329223 0.037299 0.022095
46 0.463851 0.614755 0.032977 0.042247
42 0.646558 0.227280 0.195729 0.084189
42 0.123794 0.349831 0.197588 0.083986
42 0.878323 0.349071 0.199611 0.085304
42 0.101376 0.545997 0.196018 0.084865
42 0.903059 0.542779 0.200741 0.084611
42 0.357475 0.227255 0.200176 0.084780
42 0.734158 0.731326 0.196357 0.082990
42 0.500415 0.770017 0.193291 0.081014
42 0.269095 0.730194 0.196482 0.084544
0 0.297399 0.743885 0.011382 0.026351
41 0.356231 0.473961 0.068693 0.129848
19 0.333631 0.434569 0.021558 0.046571
38 0.332381 0.473564 0.018103 0.028716
41 0.428744 0.473961 0.068693 0.129848
1 0.400182 0.435473 0.009560 0.043784
0 0.412632 0.435473 0.015339 0.043784
40 0.405163 0.472002 0.017261 0.026774
41 0.501263 0.473961 0.068706 0.129848
10 0.479812 0.434780 0.022060 0.046554
38 0.478153 0.473176 0.017312 0.026351
3 0.494560 0.620304 0.012337 0.025000
36 0.502908 0.620304 0.004359 0.025000
7 0.510327 0.620304 0.010477 0.025000
8 0.520992 0.620304 0.010854 0.025000
3 0.510484 0.328514 0.010616 0.022770
36 0.518046 0.328514 0.004510 0.022770
7 0.525490 0.328514 0.010377 0.022770
8 0.535967 0.328514 0.010578 0.022770
4 0.628128 0.240498 0.009724 0.024071
2 0.638147 0.240498 0.010314 0.024071
36 0.645722 0.240498 0.004837 0.024071
6 0.653147 0.240498 0.010013 0.024071
3 0.663348 0.240498 0.010389 0.024071
2 0.710829 0.743834 0.010905 0.024527
1 0.721018 0.743834 0.009472 0.024527
8 0.731005 0.743834 0.010503 0.024527
36 0.738857 0.743834 0.005201 0.024527
0 0.746325 0.743834 0.009736 0.024527
3 0.756426 0.743834 0.010465 0.024527
2 0.877889 0.556284 0.010854 0.023919
2 0.888116 0.556284 0.009598 0.023919
9 0.897915 0.556284 0.010000 0.023919
36 0.905685 0.556284 0.005540 0.023919
0 0.913361 0.556284 0.009812 0.023919
3 0.923405 0.556284 0.010276 0.023919
