42 0.501237 0.769645 0.193932 0.081047
42 0.268222 0.730279 0.197977 0.082348
45 0.484397 0.329172 0.038668 0.023041
42 0.646658 0.227196 0.195503 0.084088
42 0.123800 0.349797 0.197701 0.084020
42 0.878185 0.348666 0.198430 0.084527
42 0.101489 0.546039 0.196093 0.084848
42 0.901539 0.544139 0.198430 0.084493
42 0.734535 0.732061 0.194648 0.083345
42 0.357638 0.226985 0.199749 0.084544
47 0.815477 0.483708 0.026633 0.028057
51 0.864856 0.486563 0.023279 0.133463
44 0.912802 0.486563 0.072613 0.133463
0 0.297406 0.743885 0.011394 0.026351
50 0.467224 0.712939 0.027035 0.127804
20 0.467789 0.673176 0.022839 0.044223
38 0.465251 0.713100 0.017663 0.025490
41 0.356137 0.461318 0.068354 0.128784
19 0.333869 0.421605 0.021583 0.046419
38 0.332814 0.461115 0.018040 0.028412
41 0.428643 0.461318 0.068342 0.128784
1 0.399717 0.422990 0.009711 0.043818
0 0.412381 0.422990 0.015616 0.043818
40 0.405590 0.459595 0.017161 0.026588
41 0.501156 0.461318 0.068342 0.128784
10 0.479837 0.422804 0.022513 0.046791
38 0.478417 0.461225 0.017462 0.026436
41 0.515031 0.712939 0.068580 0.127804
9 0.493781 0.674426 0.021106 0.043277
38 0.491734 0.712500 0.017412 0.026182
1 0.478153 0.782804 0.010075 0.025270
2 0.488530 0.782804 0.010678 0.025270
1 0.498756 0.782804 0.009774 0.025270
36 0.506231 0.782804 0.005176 0.025270
3 0.513807 0.782804 0.009975 0.025270
2 0.523794 0.782804 0.010000 0.025270
3 0.489793 0.569679 0.010364 0.022196
36 0.497469 0.569679 0.004987 0.022196
7 0.505138 0.569679 0.010352 0.022196
8 0.515590 0.569679 0.010553 0.022196
3 0.510377 0.328902 0.010452 0.021858
36 0.517915 0.328902 0.004623 0.021858
7 0.525364 0.328902 0.010276 0.021858
8 0.535641 0.328902 0.010276 0.021858
4 0.628128 0.240498 0.009724 0.024071
2 0.638147 0.240498 0.010314 0.024071
36 0.645722 0.240498 0.004837 0.024071
6 0.653147 0.240498 0.010013 0.024071
3 0.663348 0.240498 0.010389 0.024071
2 0.710741 0.744046 0.011206 0.024848
1 0.721087 0.744046 0.009485 0.024848
8 0.731024 0.744046 0.010389 0.024848
36 0.738851 0.744046 0.005264 0.024848
0 0.746344 0.744046 0.009724 0.024848
3 0.756401 0.744046 0.010389 0.024848
2 0.877864 0.556385 0.010729 0.023885
2 0.888216 0.556385 0.009975 0.023885
9 0.898059 0.556385 0.009711 0.023885
36 0.905641 0.556385 0.005452 0.023885
0 0.913273 0.556385 0.009812 0.023885
3 0.923417 0.556385 0.010477 0.023885
