42 0.501954 0.769975 0.190867 0.081166
42 0.733649 0.733345 0.195817 0.083750
42 0.901344 0.543834 0.197462 0.083919
42 0.101558 0.545988 0.195603 0.084375
42 0.878210 0.348133 0.197726 0.084003
42 0.123851 0.349713 0.197676 0.083953
42 0.646771 0.227128 0.196030 0.084291
42 0.357016 0.227221 0.199234 0.085456
45 0.494554 0.328708 0.038957 0.025963
47 0.415622 0.703142 0.024284 0.027365
46 0.462971 0.623944 0.027073 0.029476
46 0.783932 0.496292 0.029950 0.036639
42 0.269246 0.730465 0.197940 0.083328
51 0.865572 0.486562 0.022525 0.133395
44 0.912864 0.486562 0.072060 0.133395
0 0.297399 0.743885 0.011382 0.026351
1 0.495383 0.620785 0.017374 0.028666
3 0.522695 0.328176 0.010791 0.021858
2 0.756602 0.495659 0.012776 0.025946
50 0.467224 0.714130 0.027764 0.130659
20 0.466979 0.674350 0.022023 0.043868
37 0.464893 0.712711 0.017249 0.024375
41 0.515616 0.714130 0.069020 0.130659
9 0.493693 0.674071 0.021106 0.044155
40 0.491859 0.712154 0.016910 0.025557
1 0.478090 0.782973 0.010025 0.025304
2 0.488411 0.782973 0.010616 0.025304
1 0.498379 0.782973 0.009322 0.025304
36 0.505835 0.782973 0.005590 0.025304
1 0.513442 0.782973 0.009623 0.025304
0 0.523562 0.782973 0.010616 0.025304
4 0.628128 0.240498 0.009724 0.024071
2 0.638147 0.240498 0.010314 0.024071
36 0.645722 0.240498 0.004837 0.024071
6 0.653147 0.240498 0.010013 0.024071
3 0.663348 0.240498 0.010389 0.024071
2 0.877871 0.556022 0.010741 0.023868
2 0.888279 0.556022 0.010075 0.023868
9 0.898210 0.556022 0.009786 0.023868
36 0.905722 0.556022 0.005239 0.023868
8 0.913329 0.556022 0.009975 0.023868
1 0.923216 0.556022 0.009799 0.023868
