42 0.269234 0.729324 0.195955 0.081892
42 0.357984 0.227019 0.198982 0.083902
42 0.733568 0.733142 0.196030 0.083784
42 0.901489 0.543894 0.199937 0.084983
42 0.101796 0.546157 0.197663 0.085895
42 0.878423 0.348387 0.197399 0.083733
42 0.123744 0.349865 0.197588 0.084088
42 0.646765 0.227770 0.194862 0.083412
42 0.500691 0.770473 0.196859 0.080709
47 0.815358 0.484265 0.025716 0.030760
46 0.784296 0.490389 0.030603 0.041520
45 0.484001 0.329012 0.038153 0.022618
51 0.864510 0.486630 0.023442 0.134476
44 0.912795 0.486630 0.073128 0.134476
0 0.297406 0.743885 0.011394 0.026351
50 0.467519 0.713767 0.026947 0.126993
5 0.466382 0.674012 0.020503 0.042889
37 0.465333 0.712432 0.017299 0.025811
41 0.355735 0.460794 0.068580 0.129392
8 0.334661 0.422010 0.021533 0.044189
37 0.332845 0.460245 0.018229 0.026503
41 0.428725 0.460794 0.068580 0.129392
9 0.407268 0.422373 0.020917 0.044240
39 0.405188 0.459172 0.018015 0.028514
41 0.501715 0.460794 0.068580 0.129392
6 0.479931 0.422965 0.020716 0.044611
39 0.478279 0.460465 0.017638 0.027686
41 0.574705 0.460794 0.068580 0.129392
4 0.553807 0.421478 0.021055 0.042753
38 0.550923 0.460574 0.018078 0.029054
41 0.515270 0.713767 0.068555 0.126993
2 0.493932 0.674730 0.019673 0.042466
37 0.492393 0.711258 0.018078 0.026436
1 0.478191 0.782855 0.009975 0.025439
2 0.488430 0.782855 0.010503 0.025439
2 0.498737 0.782855 0.010113 0.025439
36 0.506212 0.782855 0.004837 0.025439
1 0.513411 0.782855 0.009560 0.025439
0 0.523631 0.782855 0.010879 0.025439
3 0.489768 0.569569 0.010490 0.022382
36 0.497481 0.569569 0.004937 0.022382
7 0.505107 0.569569 0.010314 0.022382
8 0.515609 0.569569 0.010691 0.022382
7 0.510327 0.328750 0.010352 0.021689
36 0.517921 0.328750 0.004837 0.021689
5 0.525396 0.328750 0.010113 0.021689
6 0.535628 0.328750 0.010352 0.021689
4 0.628128 0.240498 0.009724 0.024071
2 0.638147 0.240498 0.010314 0.024071
36 0.645722 0.240498 0.004837 0.024071
6 0.653147 0.240498 0.010013 0.024071
3 0.663348 0.240498 0.010389 0.024071
3 0.731206 0.495017 0.010980 0.024324
36 0.738913 0.495017 0.004435 0.024324
7 0.746332 0.495017 0.010402 0.024324
8 0.756778 0.495017 0.010490 0.024324
2 0.877908 0.556140 0.010766 0.024037
2 0.888423 0.556140 0.010264 0.024037
4 0.898298 0.556140 0.009485 0.024037
36 0.905678 0.556140 0.005276 0.024037
2 0.913430 0.556140 0.010226 0.024037
5 0.923763 0.556140 0.010440 0.024037
