42 0.733511 0.732618 0.196947 0.083547
42 0.269780 0.730329 0.197374 0.083936
45 0.484315 0.329172 0.038530 0.023041
42 0.646803 0.227787 0.195364 0.083682
42 0.123744 0.349865 0.197588 0.084088
42 0.878172 0.348640 0.198455 0.084510
42 0.101796 0.546157 0.197663 0.085895
42 0.901570 0.544063 0.198090 0.084375
42 0.357984 0.227035 0.199058 0.083936
42 0.500377 0.770372 0.192714 0.080473
47 0.815565 0.483674 0.026784 0.028091
51 0.864786 0.486664 0.023442 0.133564
44 0.912839 0.486664 0.072663 0.133564
0 0.297406 0.743885 0.011394 0.026351
50 0.467500 0.714054 0.027236 0.127635
5 0.466181 0.674341 0.020528 0.043277
37 0.465339 0.712551 0.017211 0.025507
41 0.355766 0.460693 0.068593 0.129392
8 0.334661 0.422010 0.021533 0.044189
37 0.332845 0.460245 0.018229 0.026503
41 0.428731 0.460693 0.068593 0.129392
9 0.407268 0.422373 0.020917 0.044240
39 0.405188 0.459172 0.018015 0.028514
41 0.501690 0.460693 0.068580 0.129392
6 0.479925 0.422965 0.020704 0.044611
39 0.478279 0.460465 0.017638 0.027686
41 0.574648 0.460693 0.068593 0.129392
4 0.553819 0.421520 0.021030 0.042703
38 0.550905 0.460591 0.018065 0.029054
41 0.515546 0.714054 0.068857 0.127635
2 0.493920 0.674932 0.019648 0.042534
37 0.492356 0.711360 0.018003 0.026301
1 0.478216 0.782846 0.010126 0.025186
2 0.488511 0.782846 0.010465 0.025186
2 0.498725 0.782846 0.009962 0.025186
36 0.506162 0.782846 0.004912 0.025186
1 0.513430 0.782846 0.009623 0.025186
0 0.523574 0.782846 0.010666 0.025186
3 0.489711 0.569688 0.010477 0.022247
36 0.497456 0.569688 0.005013 0.022247
7 0.505170 0.569688 0.010415 0.022247
8 0.515672 0.569688 0.010590 0.022247
3 0.510377 0.328894 0.010477 0.021909
36 0.517921 0.328894 0.004611 0.021909
7 0.525364 0.328894 0.010276 0.021909
8 0.535647 0.328894 0.010289 0.021909
4 0.628128 0.240498 0.009724 0.024071
2 0.638147 0.240498 0.010314 0.024071
36 0.645722 0.240498 0.004837 0.024071
6 0.653147 0.240498 0.010013 0.024071
3 0.663348 0.240498 0.010389 0.024071
2 0.877827 0.556427 0.010578 0.024341
2 0.888078 0.556427 0.009925 0.024341
8 0.898090 0.556427 0.010101 0.024341
36 0.905798 0.556427 0.005314 0.024341
0 0.913329 0.556427 0.009749 0.024341
3 0.923423 0.556427 0.010440 0.024341
