42 0.499667 0.770515 0.193555 0.080557
42 0.101834 0.546208 0.197588 0.085861
42 0.357927 0.227111 0.198769 0.083818
42 0.733807 0.733201 0.195879 0.083834
42 0.901545 0.543708 0.199523 0.084780
47 0.815214 0.484223 0.025879 0.030912
46 0.784052 0.490405 0.030389 0.041318
42 0.269259 0.730853 0.194648 0.081875
42 0.123819 0.349916 0.197538 0.084054
42 0.646652 0.227576 0.194962 0.083497
42 0.878386 0.348361 0.197399 0.083716
45 0.483989 0.329012 0.038103 0.022584
51 0.864642 0.486622 0.023430 0.134291
44 0.912827 0.486622 0.072940 0.134291
0 0.297425 0.743877 0.011457 0.026368
50 0.467469 0.713868 0.026897 0.126993
5 0.466300 0.674189 0.020515 0.042838
37 0.465314 0.712432 0.017211 0.025676
41 0.355735 0.460752 0.068555 0.129307
8 0.334661 0.422010 0.021533 0.044189
37 0.332852 0.460253 0.018216 0.026486
41 0.428725 0.460752 0.068555 0.129307
9 0.407268 0.422373 0.020917 0.044240
39 0.405195 0.459164 0.018003 0.028497
41 0.501727 0.460752 0.068555 0.129307
6 0.479931 0.422965 0.020716 0.044611
39 0.478279 0.460465 0.017638 0.027686
41 0.574730 0.460752 0.068555 0.129307
4 0.553807 0.421478 0.021055 0.042753
38 0.550917 0.460574 0.018065 0.029054
41 0.515157 0.713868 0.068480 0.126993
2 0.493932 0.674764 0.019698 0.042534
37 0.492349 0.711275 0.018065 0.026436
1 0.478229 0.782779 0.009975 0.025186
2 0.488499 0.782779 0.010565 0.025186
2 0.498756 0.782779 0.009950 0.025186
36 0.506200 0.782779 0.004937 0.025186
1 0.513467 0.782779 0.009598 0.025186
0 0.523599 0.782779 0.010666 0.025186
3 0.489793 0.569696 0.010364 0.022264
36 0.497450 0.569696 0.004950 0.022264
7 0.505094 0.569696 0.010339 0.022264
8 0.515616 0.569696 0.010704 0.022264
7 0.510327 0.328750 0.010352 0.021689
36 0.517921 0.328750 0.004837 0.021689
5 0.525396 0.328750 0.010113 0.021689
6 0.535622 0.328750 0.010339 0.021689
4 0.628134 0.240498 0.009711 0.024071
2 0.638147 0.240498 0.010314 0.024071
36 0.645729 0.240498 0.004849 0.024071
6 0.653153 0.240498 0.010000 0.024071
3 0.663348 0.240498 0.010389 0.024071
3 0.731206 0.495059 0.010980 0.024172
36 0.738907 0.495059 0.004422 0.024172
7 0.746332 0.495059 0.010427 0.024172
8 0.756740 0.495059 0.010389 0.024172
2 0.877839 0.556030 0.010829 0.023953
2 0.888392 0.556030 0.010276 0.023953
4 0.898260 0.556030 0.009460 0.023953
36 0.905697 0.556030 0.005415 0.023953
2 0.913442 0.556030 0.010075 0.023953
5 0.923712 0.556030 0.010465 0.023953
