47 0.815559 0.483691 0.026822 0.028091
42 0.358021 0.227137 0.198656 0.083767
42 0.501815 0.770507 0.189410 0.080642
42 0.733693 0.732889 0.196382 0.084054
42 0.901589 0.544096 0.198178 0.084341
42 0.101690 0.546318 0.197726 0.085946
42 0.878134 0.348522 0.198279 0.084443
42 0.123794 0.349975 0.197437 0.084003
42 0.646388 0.227069 0.195415 0.084037
45 0.484303 0.329206 0.038580 0.023041
42 0.269692 0.731140 0.196545 0.085355
51 0.864793 0.486588 0.023379 0.133649
44 0.912795 0.486588 0.072626 0.133649
0 0.297418 0.743877 0.011445 0.026368
50 0.467550 0.713877 0.027010 0.126976
5 0.466407 0.674037 0.020477 0.042804
37 0.465339 0.712432 0.017312 0.025811
41 0.355879 0.460794 0.068844 0.129493
8 0.334655 0.422010 0.021545 0.044189
37 0.332852 0.460253 0.018216 0.026486
41 0.428681 0.460794 0.068844 0.129493
9 0.407280 0.422373 0.020917 0.044274
39 0.405188 0.459155 0.018015 0.028514
41 0.501482 0.460794 0.068844 0.129493
6 0.479912 0.422948 0.020678 0.044510
39 0.478298 0.460439 0.017676 0.027736
41 0.515345 0.713877 0.068580 0.126976
2 0.493920 0.674747 0.019698 0.042500
37 0.492399 0.711258 0.018065 0.026436
1 0.478153 0.782846 0.010000 0.025422
2 0.488423 0.782846 0.010540 0.025422
2 0.498737 0.782846 0.010088 0.025422
36 0.506187 0.782846 0.004812 0.025422
1 0.513392 0.782846 0.009598 0.025422
0 0.523637 0.782846 0.010892 0.025422
3 0.489768 0.569578 0.010490 0.022365
36 0.497481 0.569578 0.004937 0.022365
7 0.505101 0.569578 0.010302 0.022365
8 0.515616 0.569578 0.010729 0.022365
3 0.510371 0.328885 0.010465 0.021892
36 0.517915 0.328885 0.004623 0.021892
7 0.525371 0.328885 0.010289 0.021892
8 0.535653 0.328885 0.010276 0.021892
4 0.628134 0.240498 0.009711 0.024071
2 0.638147 0.240498 0.010314 0.024071
36 0.645729 0.240498 0.004849 0.024071
6 0.653153 0.240498 0.010000 0.024071
3 0.663348 0.240498 0.010389 0.024071
2 0.877827 0.556453 0.010603 0.024324
2 0.888235 0.556453 0.010214 0.024324
8 0.898241 0.556453 0.009799 0.024324
36 0.905798 0.556453 0.005314 0.024324
0 0.913329 0.556453 0.009749 0.024324
3 0.923423 0.556453 0.010440 0.024324
