42 0.357513 0.227137 0.199548 0.084375
42 0.501834 0.769645 0.191960 0.081757
42 0.734441 0.731774 0.195289 0.083682
42 0.902487 0.543184 0.195704 0.083193
42 0.101520 0.546098 0.196307 0.085034
42 0.878191 0.348260 0.197889 0.084155
42 0.123863 0.349907 0.197575 0.084037
42 0.646376 0.228049 0.195440 0.083159
42 0.269460 0.730861 0.197513 0.083209
47 0.415666 0.703252 0.024573 0.027686
45 0.483442 0.328758 0.037312 0.021537
51 0.866018 0.486149 0.022186 0.131959
44 0.913009 0.486149 0.071796 0.131959
0 0.297425 0.743877 0.011457 0.026368
5 0.547601 0.370270 0.007764 0.017500
50 0.466991 0.713488 0.026771 0.128328
26 0.465490 0.674223 0.021709 0.044865
40 0.465289 0.712297 0.017060 0.025878
41 0.355678 0.461056 0.068216 0.128530
26 0.334648 0.423066 0.022889 0.047111
39 0.332450 0.460220 0.017915 0.026926
41 0.428580 0.461056 0.068216 0.128530
3 0.407236 0.423454 0.021709 0.046334
38 0.405264 0.461242 0.018467 0.028666
41 0.501482 0.461056 0.068216 0.128530
6 0.479969 0.422762 0.020817 0.044848
37 0.478197 0.461630 0.017525 0.026943
41 0.574391 0.461056 0.068204 0.128530
9 0.552827 0.421689 0.020829 0.043919
37 0.551206 0.460220 0.018392 0.028176
41 0.647299 0.461056 0.068216 0.128530
5 0.624849 0.422770 0.021382 0.046486
38 0.624127 0.460946 0.018254 0.029865
41 0.514774 0.713488 0.068794 0.128328
5 0.493562 0.674510 0.019837 0.042939
37 0.492318 0.711174 0.018530 0.026639
1 0.478210 0.782593 0.010013 0.025760
1 0.488291 0.782593 0.010151 0.025760
5 0.498712 0.782593 0.010691 0.025760
36 0.506482 0.782593 0.004849 0.025760
7 0.513851 0.782593 0.009887 0.025760
6 0.524196 0.782593 0.010804 0.025760
7 0.490320 0.568961 0.010163 0.021943
36 0.497977 0.568961 0.005151 0.021943
5 0.505427 0.568961 0.009749 0.021943
6 0.515490 0.568961 0.010377 0.021943
7 0.510320 0.328742 0.010389 0.021841
36 0.517946 0.328742 0.004862 0.021841
5 0.525427 0.328742 0.010101 0.021841
6 0.535584 0.328742 0.010214 0.021841
4 0.628134 0.240498 0.009711 0.024071
2 0.638147 0.240498 0.010314 0.024071
36 0.645729 0.240498 0.004849 0.024071
6 0.653153 0.240498 0.010000 0.024071
3 0.663348 0.240498 0.010389 0.024071
2 0.710741 0.744054 0.011206 0.024865
1 0.721087 0.744054 0.009485 0.024865
8 0.731024 0.744054 0.010389 0.024865
36 0.738851 0.744054 0.005264 0.024865
0 0.746344 0.744054 0.009724 0.024865
3 0.756401 0.744054 0.010389 0.024865
2 0.877908 0.556453 0.010540 0.024527
3 0.888166 0.556453 0.009975 0.024527
1 0.897795 0.556453 0.009284 0.024527
36 0.905421 0.556453 0.005967 0.024527
0 0.913335 0.556453 0.009862 0.024527
3 0.923361 0.556453 0.010188 0.024527
