42 0.646583 0.226959 0.195503 0.084088
42 0.123876 0.349831 0.197601 0.083986
42 0.878172 0.348623 0.198379 0.084476
42 0.101495 0.546064 0.196055 0.084831
42 0.901520 0.544029 0.198342 0.084443
42 0.357588 0.227069 0.199422 0.084409
42 0.734102 0.731275 0.194837 0.082483
45 0.483982 0.329079 0.037739 0.022483
46 0.463417 0.618834 0.029497 0.034392
47 0.815195 0.483970 0.027274 0.030473
42 0.500528 0.768792 0.193518 0.080726
42 0.269052 0.730118 0.196319 0.081655
51 0.864849 0.486554 0.023291 0.133446
44 0.912758 0.486554 0.072525 0.133446
0 0.297425 0.743877 0.011457 0.026368
50 0.467205 0.712897 0.026947 0.127213
20 0.467519 0.673986 0.023103 0.044899
38 0.465163 0.712804 0.017714 0.025338
41 0.356269 0.461233 0.067915 0.127973
19 0.333863 0.421605 0.021570 0.046419
38 0.332814 0.461115 0.018040 0.028412
41 0.428744 0.461233 0.067915 0.127973
1 0.399717 0.422990 0.009711 0.043818
0 0.412381 0.422990 0.015616 0.043818
40 0.405590 0.459586 0.017161 0.026605
41 0.501206 0.461233 0.067915 0.127973
10 0.479824 0.422720 0.022487 0.046791
38 0.478411 0.461233 0.017450 0.026419
41 0.515138 0.712897 0.068920 0.127213
9 0.493775 0.674358 0.021294 0.043750
38 0.492167 0.712466 0.017776 0.026622
3 0.489698 0.569688 0.010578 0.021807
36 0.497462 0.569688 0.004950 0.021807
7 0.505132 0.569688 0.010389 0.021807
8 0.515622 0.569688 0.010590 0.021807
3 0.494585 0.620372 0.012161 0.024831
36 0.502726 0.620372 0.004121 0.024831
7 0.510075 0.620372 0.010578 0.024831
8 0.520923 0.620372 0.011118 0.024831
7 0.510226 0.328615 0.010452 0.021791
36 0.517933 0.328615 0.004962 0.021791
5 0.525459 0.328615 0.010088 0.021791
6 0.535603 0.328615 0.010201 0.021791
4 0.628134 0.240498 0.009711 0.024071
2 0.638147 0.240498 0.010314 0.024071
36 0.645722 0.240498 0.004837 0.024071
6 0.653147 0.240498 0.010013 0.024071
3 0.663348 0.240498 0.010389 0.024071
2 0.710829 0.743834 0.010905 0.024527
1 0.721018 0.743834 0.009472 0.024527
8 0.731005 0.743834 0.010503 0.024527
36 0.738857 0.743834 0.005201 0.024527
0 0.746325 0.743834 0.009736 0.024527
3 0.756426 0.743834 0.010465 0.024527
2 0.877864 0.556385 0.010729 0.023885
2 0.888216 0.556385 0.009975 0.023885
9 0.898059 0.556385 0.009711 0.023885
36 0.905641 0.556385 0.005452 0.023885
0 0.913273 0.556385 0.009812 0.023885
3 0.923417 0.556385 0.010477 0.023885
