42 0.357531 0.227188 0.199585 0.084409
42 0.501633 0.769333 0.191055 0.081199
42 0.734736 0.731503 0.196734 0.083615
42 0.900729 0.543767 0.194573 0.082095
42 0.101520 0.546081 0.196382 0.085068
42 0.878342 0.348716 0.199573 0.085709
42 0.123781 0.349865 0.197663 0.084054
42 0.646508 0.228218 0.195276 0.083125
45 0.478247 0.328471 0.036621 0.021470
47 0.415722 0.703328 0.024460 0.027568
46 0.463216 0.614426 0.030905 0.037399
42 0.268788 0.730811 0.197601 0.083649
44 0.900201 0.483057 0.066784 0.123480
0 0.297406 0.743885 0.011394 0.026351
50 0.466715 0.713370 0.026671 0.129071
26 0.465647 0.674392 0.022601 0.045912
40 0.465232 0.712432 0.017148 0.025845
41 0.355867 0.460980 0.068040 0.128142
26 0.334642 0.423066 0.022902 0.047111
39 0.332450 0.460211 0.017915 0.026943
41 0.428700 0.460980 0.068028 0.128142
3 0.407230 0.423429 0.021721 0.046351
38 0.405264 0.461242 0.018467 0.028666
41 0.501533 0.460980 0.068040 0.128142
6 0.479975 0.422762 0.020804 0.044814
37 0.478197 0.461630 0.017525 0.026943
41 0.574366 0.460980 0.068028 0.128142
9 0.552820 0.421698 0.020817 0.043868
37 0.551206 0.460220 0.018392 0.028176
41 0.647198 0.460980 0.068040 0.128142
5 0.624830 0.422796 0.021394 0.046537
38 0.624127 0.460946 0.018254 0.029865
41 0.514592 0.713370 0.069083 0.129071
5 0.493185 0.674578 0.020289 0.043750
37 0.492249 0.711191 0.018492 0.026571
1 0.478128 0.782863 0.009598 0.025051
0 0.488216 0.782863 0.010578 0.025051
8 0.498624 0.782863 0.010239 0.025051
36 0.506332 0.782863 0.005176 0.025051
2 0.513838 0.782863 0.009837 0.025051
0 0.523763 0.782863 0.010013 0.025051
7 0.490232 0.569299 0.010188 0.021301
36 0.497827 0.569299 0.005000 0.021301
5 0.505264 0.569299 0.009874 0.021301
6 0.515333 0.569299 0.010264 0.021301
7 0.494548 0.620296 0.012337 0.024071
36 0.502908 0.620296 0.004384 0.024071
5 0.510094 0.620296 0.009987 0.024071
6 0.520597 0.620296 0.011018 0.024071
1 0.505634 0.328564 0.009636 0.021926
5 0.515509 0.328564 0.010113 0.021926
36 0.523304 0.328564 0.005477 0.021926
1 0.530716 0.328564 0.009347 0.021926
2 0.540534 0.328564 0.010289 0.021926
4 0.628128 0.240498 0.009724 0.024071
2 0.638147 0.240498 0.010314 0.024071
36 0.645722 0.240498 0.004837 0.024071
6 0.653147 0.240498 0.010013 0.024071
3 0.663348 0.240498 0.010389 0.024071
2 0.710741 0.744046 0.011206 0.024848
1 0.721087 0.744046 0.009485 0.024848
8 0.731024 0.744046 0.010389 0.024848
36 0.738851 0.744046 0.005264 0.024848
0 0.746344 0.744046 0.009724 0.024848
3 0.756401 0.744046 0.010389 0.024848
