42 0.269604 0.731182 0.193204 0.081554
42 0.501696 0.771098 0.195854 0.080068
42 0.900766 0.541959 0.195000 0.084291
42 0.734102 0.733066 0.199384 0.084274
42 0.357827 0.227483 0.199271 0.084122
42 0.101627 0.546334 0.197802 0.086115
42 0.878574 0.349350 0.200314 0.085557
42 0.123813 0.349958 0.197399 0.083970
42 0.646665 0.227483 0.194987 0.083581
45 0.484171 0.329189 0.039095 0.023142
46 0.784139 0.490329 0.030565 0.041706
47 0.815389 0.484333 0.025930 0.031909
0 0.297418 0.743877 0.011445 0.026368
41 0.355546 0.474096 0.068606 0.129611
8 0.334259 0.435693 0.021558 0.044291
37 0.332531 0.473505 0.018279 0.026605
41 0.428549 0.474096 0.068606 0.129611
9 0.407343 0.436208 0.020766 0.044274
39 0.405226 0.472280 0.018216 0.028784
41 0.501545 0.474096 0.068593 0.129611
6 0.479962 0.435878 0.020176 0.044662
39 0.478160 0.472829 0.017952 0.028057
41 0.574541 0.474096 0.068606 0.129611
4 0.554039 0.434046 0.020565 0.042010
38 0.550603 0.472694 0.018442 0.029172
1 0.478134 0.782618 0.010063 0.025034
2 0.488480 0.782618 0.010628 0.025034
2 0.498794 0.782618 0.010000 0.025034
36 0.506338 0.782618 0.005088 0.025034
1 0.513549 0.782618 0.009334 0.025034
0 0.523649 0.782618 0.010867 0.025034
3 0.510371 0.328885 0.010465 0.021892
36 0.517915 0.328885 0.004623 0.021892
7 0.525364 0.328885 0.010276 0.021892
8 0.535647 0.328885 0.010289 0.021892
4 0.628134 0.240498 0.009711 0.024071
2 0.638147 0.240498 0.010314 0.024071
36 0.645729 0.240498 0.004849 0.024071
6 0.653153 0.240498 0.010000 0.024071
3 0.663348 0.240498 0.010389 0.024071
3 0.731193 0.495025 0.010955 0.024375
36 0.738907 0.495025 0.004472 0.024375
7 0.746344 0.495025 0.010402 0.024375
8 0.756784 0.495025 0.010477 0.024375
