47 0.815389 0.484139 0.025754 0.030236
46 0.784384 0.496368 0.028467 0.034966
46 0.462889 0.621571 0.029422 0.033176
45 0.494686 0.328716 0.037915 0.026250
42 0.357010 0.227196 0.199246 0.085473
42 0.646715 0.227179 0.196344 0.084426
42 0.123869 0.349704 0.197663 0.083936
42 0.878109 0.348885 0.198354 0.084358
42 0.101520 0.545946 0.195628 0.084392
42 0.901181 0.544037 0.200704 0.085473
42 0.734686 0.732035 0.194899 0.083530
42 0.499994 0.769502 0.196470 0.081166
42 0.269083 0.731698 0.197261 0.083564
51 0.865873 0.487753 0.024008 0.132331
44 0.913260 0.487753 0.070766 0.132331
0 0.297399 0.743885 0.011382 0.026351
2 0.495371 0.620456 0.018003 0.027196
4 0.523053 0.328150 0.011658 0.022618
2 0.756457 0.495405 0.012864 0.026791
50 0.467098 0.712905 0.026910 0.128041
20 0.467883 0.673471 0.022852 0.044037
38 0.465289 0.713015 0.017739 0.025422
41 0.514962 0.712905 0.068819 0.128041
9 0.493756 0.674324 0.021106 0.043547
38 0.491765 0.712483 0.017349 0.026149
1 0.478134 0.782931 0.010088 0.025389
2 0.488480 0.782931 0.010603 0.025389
1 0.498668 0.782931 0.009774 0.025389
36 0.506156 0.782931 0.005201 0.025389
3 0.513769 0.782931 0.010025 0.025389
2 0.523851 0.782931 0.010138 0.025389
4 0.628128 0.240498 0.009724 0.024071
2 0.638147 0.240498 0.010314 0.024071
36 0.645722 0.240498 0.004837 0.024071
6 0.653147 0.240498 0.010013 0.024071
3 0.663348 0.240498 0.010389 0.024071
2 0.710741 0.744054 0.011206 0.024865
1 0.721087 0.744054 0.009485 0.024865
8 0.731024 0.744054 0.010389 0.024865
36 0.738851 0.744054 0.005264 0.024865
0 0.746344 0.744054 0.009724 0.024865
3 0.756401 0.744054 0.010389 0.024865
