47 0.764089 0.342762 0.028103 0.036064
46 0.672676 0.306377 0.031080 0.041774
42 0.878750 0.348100 0.197525 0.082652
42 0.733982 0.731968 0.199925 0.083666
42 0.357682 0.227137 0.198731 0.084037
42 0.500961 0.770659 0.194837 0.083074
42 0.266966 0.728640 0.195389 0.085321
42 0.902205 0.543742 0.196193 0.083226
42 0.101922 0.546267 0.197588 0.085676
42 0.123775 0.349831 0.197701 0.084088
42 0.646307 0.225785 0.196382 0.084240
45 0.478807 0.329063 0.037261 0.022078
51 0.612789 0.169603 0.021055 0.127686
51 0.844479 0.291748 0.022023 0.130895
51 0.866055 0.486301 0.022111 0.131959
44 0.657324 0.169603 0.068015 0.127686
44 0.890503 0.291748 0.070025 0.130895
44 0.913128 0.486301 0.072035 0.131959
41 0.355911 0.461073 0.068706 0.129578
19 0.333982 0.421875 0.021759 0.045878
39 0.332016 0.459662 0.018229 0.027297
41 0.428763 0.461073 0.068706 0.129578
9 0.407280 0.422069 0.020892 0.043834
37 0.405484 0.461512 0.017927 0.027213
41 0.501614 0.461073 0.068706 0.129578
8 0.479717 0.422348 0.022525 0.045169
38 0.478254 0.461073 0.018191 0.029307
1 0.478109 0.782542 0.010038 0.024713
4 0.488467 0.782542 0.010678 0.024713
4 0.498800 0.782542 0.009987 0.024713
36 0.506369 0.782542 0.005151 0.024713
2 0.513995 0.782542 0.010101 0.024713
3 0.524095 0.782542 0.010101 0.024713
5 0.485050 0.569806 0.010528 0.022449
0 0.495195 0.569806 0.009761 0.022449
36 0.502626 0.569806 0.005101 0.022449
0 0.510163 0.569806 0.009975 0.022449
6 0.520389 0.569806 0.010477 0.022449
7 0.505490 0.328505 0.010176 0.021841
5 0.515622 0.328505 0.010088 0.021841
36 0.523065 0.328505 0.004799 0.021841
0 0.530521 0.328505 0.010113 0.021841
9 0.540490 0.328505 0.009824 0.021841
2 0.608530 0.309291 0.009849 0.022770
5 0.618386 0.309291 0.009862 0.022770
36 0.625848 0.309291 0.005063 0.022770
0 0.633543 0.309291 0.010327 0.022770
3 0.643832 0.309291 0.010251 0.022770
1 0.722714 0.743818 0.010075 0.025135
0 0.733128 0.743818 0.010754 0.025135
0 0.743719 0.743818 0.010427 0.025135
6 0.860044 0.361985 0.010339 0.023767
9 0.869837 0.361985 0.009246 0.023767
36 0.877469 0.361985 0.006018 0.023767
4 0.885546 0.361985 0.010138 0.023767
4 0.896043 0.361985 0.010854 0.023767
2 0.877814 0.556258 0.010327 0.024578
0 0.887902 0.556258 0.009849 0.024578
1 0.897933 0.556258 0.010214 0.024578
36 0.905741 0.556258 0.005402 0.024578
2 0.913499 0.556258 0.010113 0.024578
5 0.923788 0.556258 0.010465 0.024578
