42 0.268913 0.731326 0.196595 0.082618
46 0.783844 0.496292 0.029925 0.036672
46 0.463053 0.624628 0.027286 0.030034
47 0.415716 0.703302 0.024523 0.027618
45 0.494548 0.328699 0.039070 0.025878
42 0.357004 0.227297 0.198882 0.085304
42 0.646589 0.226993 0.196193 0.084358
42 0.123913 0.349806 0.197525 0.083868
42 0.878285 0.348083 0.197676 0.083970
42 0.101489 0.546157 0.195691 0.084443
42 0.901828 0.543674 0.197249 0.083801
42 0.734428 0.732002 0.194158 0.083024
42 0.501759 0.769806 0.192312 0.081875
51 0.865741 0.486309 0.022663 0.132416
44 0.913015 0.486309 0.071884 0.132416
0 0.297418 0.743877 0.011445 0.026368
1 0.495220 0.619772 0.016118 0.026639
3 0.522695 0.328142 0.010741 0.021824
2 0.756520 0.495650 0.012814 0.026064
50 0.467048 0.713606 0.027286 0.130253
5 0.465785 0.673682 0.021420 0.045439
40 0.465031 0.711850 0.017827 0.026875
41 0.515433 0.713606 0.069485 0.130253
19 0.493361 0.673387 0.019284 0.043057
37 0.492117 0.711292 0.018379 0.026537
1 0.478204 0.782779 0.010377 0.024882
2 0.488549 0.782779 0.010314 0.024882
4 0.498813 0.782779 0.010214 0.024882
36 0.506482 0.782779 0.005126 0.024882
1 0.513656 0.782779 0.009221 0.024882
0 0.523631 0.782779 0.010729 0.024882
4 0.628134 0.240498 0.009711 0.024071
2 0.638147 0.240498 0.010314 0.024071
36 0.645729 0.240498 0.004849 0.024071
6 0.653153 0.240498 0.010000 0.024071
3 0.663348 0.240498 0.010389 0.024071
2 0.710817 0.743843 0.010930 0.024544
1 0.721018 0.743843 0.009472 0.024544
8 0.731005 0.743843 0.010503 0.024544
36 0.738851 0.743843 0.005188 0.024544
0 0.746319 0.743843 0.009749 0.024544
3 0.756420 0.743843 0.010452 0.024544
2 0.877827 0.556301 0.010553 0.024358
2 0.888266 0.556301 0.010327 0.024358
7 0.898103 0.556301 0.009347 0.024358
36 0.905616 0.556301 0.005678 0.024358
0 0.913373 0.556301 0.009837 0.024358
3 0.923436 0.556301 0.010289 0.024358
