42 0.901005 0.544063 0.197990 0.084307
42 0.269862 0.730836 0.197211 0.084949
47 0.694391 0.552238 0.032349 0.034916
42 0.500515 0.768953 0.193995 0.080642
42 0.734265 0.732019 0.198555 0.084071
42 0.101489 0.546157 0.195666 0.084443
42 0.878398 0.349215 0.200415 0.085760
42 0.123907 0.349814 0.197513 0.083851
42 0.646508 0.227010 0.194899 0.083750
42 0.356991 0.227340 0.198882 0.085287
45 0.494554 0.328590 0.038656 0.024983
46 0.463222 0.622568 0.029234 0.034426
46 0.784196 0.499316 0.028970 0.034071
44 0.501062 0.489907 0.068656 0.128024
0 0.297418 0.743877 0.011445 0.026368
2 0.495578 0.620363 0.019171 0.030760
3 0.522695 0.328142 0.010741 0.021824
1 0.756376 0.495144 0.013555 0.026943
4 0.628134 0.240498 0.009711 0.024071
2 0.638147 0.240498 0.010314 0.024071
36 0.645729 0.240498 0.004849 0.024071
6 0.653153 0.240498 0.010000 0.024071
3 0.663348 0.240498 0.010389 0.024071
2 0.710722 0.744054 0.011244 0.024865
1 0.721087 0.744054 0.009485 0.024865
8 0.731024 0.744054 0.010389 0.024865
36 0.738851 0.744054 0.005264 0.024865
0 0.746344 0.744054 0.009724 0.024865
3 0.756401 0.744054 0.010389 0.024865
