42 0.268920 0.731537 0.196834 0.083885
42 0.500572 0.769603 0.194862 0.081368
42 0.358053 0.227061 0.198920 0.083851
47 0.815308 0.483733 0.026445 0.029797
45 0.484303 0.329164 0.038530 0.023024
42 0.878084 0.348961 0.199033 0.084949
42 0.646539 0.227204 0.195289 0.084037
42 0.123744 0.349865 0.197588 0.084088
42 0.733825 0.732551 0.197249 0.083851
42 0.901332 0.544003 0.199020 0.084865
42 0.101796 0.546166 0.197663 0.085912
51 0.865886 0.487618 0.024108 0.131149
44 0.913229 0.487618 0.070578 0.131149
0 0.297406 0.743885 0.011394 0.026351
50 0.467613 0.713573 0.027236 0.126706
5 0.466143 0.674476 0.020452 0.043074
37 0.465226 0.711934 0.017261 0.025084
41 0.355911 0.460676 0.068832 0.129459
8 0.334661 0.422010 0.021533 0.044189
37 0.332845 0.460245 0.018229 0.026503
41 0.428750 0.460676 0.068832 0.129459
9 0.407268 0.422373 0.020917 0.044240
39 0.405188 0.459172 0.018015 0.028514
41 0.501589 0.460676 0.068832 0.129459
6 0.479906 0.422948 0.020666 0.044510
39 0.478291 0.460431 0.017663 0.027720
41 0.515540 0.713573 0.068618 0.126706
2 0.493920 0.674949 0.019648 0.042534
37 0.492544 0.710971 0.017877 0.026267
3 0.489736 0.569713 0.010352 0.022264
36 0.497406 0.569713 0.004987 0.022264
7 0.505050 0.569713 0.010302 0.022264
8 0.515584 0.569713 0.010766 0.022264
3 0.510377 0.328894 0.010477 0.021909
36 0.517921 0.328894 0.004611 0.021909
7 0.525364 0.328894 0.010276 0.021909
8 0.535653 0.328894 0.010302 0.021909
4 0.628128 0.240498 0.009724 0.024071
2 0.638147 0.240498 0.010314 0.024071
36 0.645722 0.240498 0.004837 0.024071
6 0.653147 0.240498 0.010013 0.024071
3 0.663348 0.240498 0.010389 0.024071
